###Case###
12
914030517233
34
42
906557955401326677
9959596341488770
7
900013594147595025
2756424
220899424162
83998153
4536990299231204
909096656709

###Result###
906557955401326670

###Case###
2
2
10000000

###Result###
9999998

###Case###
2
10000000
10000000

###Result###
0

###Case###
3
1000
-500
-1000

###Result###
2000

###Case###
3
999
-500
-1001

###Result###
2000

###Case###
2
-500
-1001

###Result###
501

###Case###
2
-500
-500

###Result###
0

###Case###
2
500
500

###Result###
0

###Case###
2
0
0

###Result###
0

###Case###
2
999
-999

###Result###
1998

###Case###
2
500
-1000

###Result###
1500
