n  b    1   2                       3   4   5   6   7   8   9   10
0       0   0
1       1   1(0,0)                  1(0,0)
2       2   2(0,1;1,0)              2(0,1;1,0)
3       3   2(1,1)                  2(1,1)
4       4   3(0,3;1,2;2,1)          3(0,3;1,2;2,1)
5       5   3(1,3;2,2)              3(1,3;2,2;3,1)
6       6   3(2,3)                  3(2,3;3,2)
7       7   4(0,6;1,5;2,4;3,3)      3(3,3)
8       8   4(1,6;2,5;3,4)          4(0,7;1,6;2,5;3,4)
9       9   4(2,6;3,5)              4(1,7;2,6;3,5;4,4;5,3;6,2)
10      10  4(3,6)                  4
11      11  5(0,10;1,9;2,8;3,7;4,6) 4
12      12        4
13      13        4
14      14        4
15      15        5
                  5



23                5
25                5

1   1000
2   45
3   19
4   13
5   11
8   10
10  10()
